1712934934 21 21007 11 15 1 0 0 1 40 128 
1712934934 21 21014 11 15 2 0 0 1 28 121 
1712934934 169 169007 14 13 1 0 0 1 2 89 
1712934934 169 169014 14 13 2 0 0 1 7 86 
1712934934 239 239014 14 17 2 0 0 1 49 93 
1712934934 300 300000 10 12 0 0 0 1 2 82 
1712934934 300 300007 10 12 1 0 0 1 37 166 
1712934934 300 300014 10 12 2 0 0 1 12 159 
1712934934 324 324000 14 12 0 0 0 2 29 8 30 175 
1712934934 324 324007 14 12 1 0 0 1 0 47 
1712934934 364 364000 14 16 0 0 0 2 4 89 5 25 
1712934934 446 446000 11 14 0 0 0 1 27 90 
1712934934 446 446007 11 14 1 0 0 1 16 72 
1712934934 446 446014 11 14 2 0 0 1 26 125 
1712934934 464 464014 14 14 2 0 0 2 57 68 58 55 
1712934934 778 778007 13 16 1 0 0 1 62 108 
1712934934 807 807000 12 15 0 0 0 1 26 83 
1712934934 807 807007 12 15 1 0 0 1 22 113 
1712934934 807 807014 12 15 2 0 0 1 26 98 
1712934934 965 965014 10 17 2 0 0 2 0 58 1 61 
1712934934 1282 1282000 12 16 0 0 0 1 51 106 
1712934934 1352 1352000 12 14 0 0 0 1 37 95 
1712934934 1594 1594000 14 16 0 0 0 2 9 68 10 34 
1712934934 1594 1594007 14 16 1 0 0 1 50 106 
1712934934 1594 1594014 14 16 2 0 0 1 1 91 
1712934934 1606 1606014 11 16 2 0 0 2 20 39 21 169 
1712934934 1642 1642000 12 16 0 0 0 1 60 87 
1712934934 1642 1642007 12 16 1 0 0 1 6 103 
1712934934 1642 1642014 12 16 2 0 0 2 47 86 48 4 
1712934934 1886 1886007 11 14 1 0 0 2 19 74 20 34 
1712934934 1886 1886014 11 14 2 0 0 1 13 127 
